Solvents            FC(C1=CC=CC=C1)(F)F CC1=CC=CC=C1 O=CN(C)C C1COCCO1
FC(C1=CC=CC=C1)(F)F
CC1=CC=CC=C1
O=CN(C)C
C1COCCO1

[0, 3, 6, 9]X_encoder0:
[[1.         0.5799974  0.54225187 0.58388704]
 [0.5799974  1.         0.93384252 0.53199535]
 [0.54225187 0.93384252 1.         0.68757552]
 [0.58388704 0.53199535 0.68757552 1.        ]]
[0, 3, 6, 9]X_encoder1:
[[1.         0.72185038 0.73854875 0.88929943]
 [0.72185038 1.         0.99622968 0.89354692]
 [0.73854875 0.99622968 1.         0.90989797]
 [0.88929943 0.89354692 0.90989797 1.        ]]
[1, 4, 7, 10]X_encoder0:
[[1.         0.9690328  0.64459975 0.95261981]
 [0.9690328  1.         0.57050288 0.938859  ]
 [0.64459975 0.57050288 1.         0.71672824]
 [0.95261981 0.938859   0.71672824 1.        ]]
[1, 4, 7, 10]X_encoder1:
[[1.         0.9885168  0.86792091 0.9671154 ]
 [0.9885168  1.         0.84535818 0.94789797]
 [0.86792091 0.84535818 1.         0.92726847]
 [0.9671154  0.94789797 0.92726847 1.        ]]
[2, 5, 8, 11]X_encoder0:
[[1.         0.98008894 0.75549228 0.95555534]
 [0.98008894 1.         0.77892287 0.95909334]
 [0.75549228 0.77892287 1.         0.83131022]
 [0.95555534 0.95909334 0.83131022 1.        ]]
[2, 5, 8, 11]X_encoder1:
[[1.         0.99468674 0.93516462 0.98174496]
 [0.99468674 1.         0.94200249 0.98217456]
 [0.93516462 0.94200249 1.         0.97103403]
 [0.98174496 0.98217456 0.97103403 1.        ]]
[12, 15, 18, 21]X_encoder0:
[[1.         0.86961525 0.92754302 0.65700517]
 [0.86961525 1.         0.94592246 0.45688282]
 [0.92754302 0.94592246 1.         0.57312994]
 [0.65700517 0.45688282 0.57312994 1.        ]]
[12, 15, 18, 21]X_encoder1:
[[1.         0.97276014 0.97084043 0.90082803]
 [0.97276014 1.         0.98892262 0.83794154]
 [0.97084043 0.98892262 1.         0.8678987 ]
 [0.90082803 0.83794154 0.8678987  1.        ]]
[13, 16, 19, 22]X_encoder0:
[[1.         0.92483136 0.5966043  0.92197174]
 [0.92483136 1.         0.48914378 0.86485633]
 [0.5966043  0.48914378 1.         0.69851759]
 [0.92197174 0.86485633 0.69851759 1.        ]]
[13, 16, 19, 22]X_encoder1:
[[1.         0.98098708 0.82860243 0.95724285]
 [0.98098708 1.         0.81259416 0.92679775]
 [0.82860243 0.81259416 1.         0.90978444]
 [0.95724285 0.92679775 0.90978444 1.        ]]
[14, 17, 20, 23]X_encoder0:
[[1.         0.96871057 0.69790627 0.94016688]
 [0.96871057 1.         0.72440391 0.93424511]
 [0.69790627 0.72440391 1.         0.81644256]
 [0.94016688 0.93424511 0.81644256 1.        ]]
[14, 17, 20, 23]X_encoder1:
[[1.         0.99007902 0.92632375 0.97872659]
 [0.99007902 1.         0.93520674 0.97386177]
 [0.92632375 0.93520674 1.         0.96702001]
 [0.97872659 0.97386177 0.96702001 1.        ]]
[24, 27, 30, 33]X_encoder0:
[[1.         0.61494804 0.51828241 0.32124174]
 [0.61494804 1.         0.97120826 0.78931906]
 [0.51828241 0.97120826 1.         0.87536533]
 [0.32124174 0.78931906 0.87536533 1.        ]]
[24, 27, 30, 33]X_encoder1:
[[1.         0.8834637  0.89152987 0.91192254]
 [0.8834637  1.         0.99726362 0.94452585]
 [0.89152987 0.99726362 1.         0.95629029]
 [0.91192254 0.94452585 0.95629029 1.        ]]
[25, 28, 31, 34]X_encoder0:
[[1.         0.98914651 0.79804669 0.96853345]
 [0.98914651 1.         0.78190899 0.96180942]
 [0.79804669 0.78190899 1.         0.85102452]
 [0.96853345 0.96180942 0.85102452 1.        ]]
[25, 28, 31, 34]X_encoder1:
[[1.         0.99462531 0.93087823 0.98578481]
 [0.99462531 1.         0.93266389 0.97978734]
 [0.93087823 0.93266389 1.         0.96217572]
 [0.98578481 0.97978734 0.96217572 1.        ]]
[26, 29, 32, 35]X_encoder0:
[[1.         0.98635061 0.83588233 0.96814378]
 [0.98635061 1.         0.86920226 0.97194225]
 [0.83588233 0.86920226 1.         0.89432132]
 [0.96814378 0.97194225 0.89432132 1.        ]]
[26, 29, 32, 35]X_encoder1:
[[1.         0.99623942 0.95134627 0.98987045]
 [0.99623942 1.         0.95749094 0.98817022]
 [0.95134627 0.95749094 1.         0.97679634]
 [0.98987045 0.98817022 0.97679634 1.        ]]
[36, 39, 42, 45]X_encoder0:
[[1.         0.95745201 0.96669822 0.86293808]
 [0.95745201 1.         0.97179019 0.76924881]
 [0.96669822 0.97179019 1.         0.84837065]
 [0.86293808 0.76924881 0.84837065 1.        ]]
[36, 39, 42, 45]X_encoder1:
[[1.         0.99007597 0.9883215  0.95726351]
 [0.99007597 1.         0.99346028 0.93006258]
 [0.9883215  0.99346028 1.         0.94913143]
 [0.95726351 0.93006258 0.94913143 1.        ]]
[37, 40, 43, 46]X_encoder0:
[[1.         0.94989779 0.81750157 0.96340722]
 [0.94989779 1.         0.76298592 0.92463164]
 [0.81750157 0.76298592 1.         0.86761826]
 [0.96340722 0.92463164 0.86761826 1.        ]]
[37, 40, 43, 46]X_encoder1:
[[1.         0.98913998 0.92564869 0.98338388]
 [0.98913998 1.         0.93235147 0.97618656]
 [0.92564869 0.93235147 1.         0.96189364]
 [0.98338388 0.97618656 0.96189364 1.        ]]
[38, 41, 44, 47]X_encoder0:
[[1.         0.98175734 0.82344348 0.961306  ]
 [0.98175734 1.         0.8597708  0.96570392]
 [0.82344348 0.8597708  1.         0.89816922]
 [0.961306   0.96570392 0.89816922 1.        ]]
[38, 41, 44, 47]X_encoder1:
[[1.         0.99257529 0.94439763 0.98764624]
 [0.99257529 1.         0.95470305 0.98449882]
 [0.94439763 0.95470305 1.         0.97458896]
 [0.98764624 0.98449882 0.97458896 1.        ]]
[48, 51, 54, 57]X_encoder0:
[[1.         0.65252817 0.7987736  0.78664107]
 [0.65252817 1.         0.89409773 0.47846327]
 [0.7987736  0.89409773 1.         0.74847013]
 [0.78664107 0.47846327 0.74847013 1.        ]]
[48, 51, 54, 57]X_encoder1:
[[1.         0.88515484 0.91096384 0.91564716]
 [0.88515484 1.         0.99228394 0.89572726]
 [0.91096384 0.99228394 1.         0.93067746]
 [0.91564716 0.89572726 0.93067746 1.        ]]
[49, 52, 55, 58]X_encoder0:
[[1.         0.98849815 0.59390054 0.92575554]
 [0.98849815 1.         0.61965334 0.93217938]
 [0.59390054 0.61965334 1.         0.77412977]
 [0.92575554 0.93217938 0.77412977 1.        ]]
[49, 52, 55, 58]X_encoder1:
[[1.         0.99673967 0.89557624 0.97239166]
 [0.99673967 1.         0.89885478 0.96952826]
 [0.89557624 0.89885478 1.         0.95285372]
 [0.97239166 0.96952826 0.95285372 1.        ]]
[50, 53, 56, 59]X_encoder0:
[[1.         0.96600244 0.68681645 0.92739762]
 [0.96600244 1.         0.7894272  0.96048922]
 [0.68681645 0.7894272  1.         0.84655683]
 [0.92739762 0.96048922 0.84655683 1.        ]]
[50, 53, 56, 59]X_encoder1:
[[1.         0.9946965  0.93300741 0.97843626]
 [0.9946965  1.         0.9479033  0.98425502]
 [0.93300741 0.9479033  1.         0.9753796 ]
 [0.97843626 0.98425502 0.9753796  1.        ]]
[60, 63, 66, 69]X_encoder0:
[[1.         0.86165306 0.95327513 0.7404243 ]
 [0.86165306 1.         0.91350036 0.42237453]
 [0.95327513 0.91350036 1.         0.66892625]
 [0.7404243  0.42237453 0.66892625 1.        ]]
[60, 63, 66, 69]X_encoder1:
[[1.         0.97376308 0.98369856 0.94026139]
 [0.97376308 1.         0.98295313 0.8668462 ]
 [0.98369856 0.98295313 1.         0.91980165]
 [0.94026139 0.8668462  0.91980165 1.        ]]
[61, 64, 67, 70]X_encoder0:
[[1.         0.9807954  0.59058206 0.91526229]
 [0.9807954  1.         0.57113496 0.89576771]
 [0.59058206 0.57113496 1.         0.77912253]
 [0.91526229 0.89576771 0.77912253 1.        ]]
[61, 64, 67, 70]X_encoder1:
[[1.         0.99339152 0.88899904 0.97220066]
 [0.99339152 1.         0.89729901 0.96840013]
 [0.88899904 0.89729901 1.         0.95212748]
 [0.97220066 0.96840013 0.95212748 1.        ]]
[62, 65, 68, 71]X_encoder0:
[[1.         0.9609936  0.67768465 0.91038222]
 [0.9609936  1.         0.77693215 0.94838391]
 [0.67768465 0.77693215 1.         0.86530133]
 [0.91038222 0.94838391 0.86530133 1.        ]]
[62, 65, 68, 71]X_encoder1:
[[1.         0.99176001 0.92999308 0.9774713 ]
 [0.99176001 1.         0.95087355 0.98314394]
 [0.92999308 0.95087355 1.         0.97412911]
 [0.9774713  0.98314394 0.97412911 1.        ]]
[72, 75, 78, 81]X_encoder0:
[[1.         0.82196222 0.83729131 0.66513826]
 [0.82196222 1.         0.94219366 0.58774767]
 [0.83729131 0.94219366 1.         0.74487825]
 [0.66513826 0.58774767 0.74487825 1.        ]]
[72, 75, 78, 81]X_encoder1:
[[1.         0.92962116 0.94191064 0.93649839]
 [0.92962116 1.         0.99517101 0.9259542 ]
 [0.94191064 0.99517101 1.         0.9396165 ]
 [0.93649839 0.9259542  0.9396165  1.        ]]
[73, 76, 79, 82]X_encoder0:
[[1.         0.98744229 0.63716358 0.92476454]
 [0.98744229 1.         0.65475049 0.93137455]
 [0.63716358 0.65475049 1.         0.81561047]
 [0.92476454 0.93137455 0.81561047 1.        ]]
[73, 76, 79, 82]X_encoder1:
[[1.         0.99330219 0.89564381 0.96705732]
 [0.99330219 1.         0.9118487  0.97245376]
 [0.89564381 0.9118487  1.         0.96060518]
 [0.96705732 0.97245376 0.96060518 1.        ]]
[74, 77, 80, 83]X_encoder0:
[[1.         0.98182385 0.80643229 0.95129953]
 [0.98182385 1.         0.85737946 0.96881826]
 [0.80643229 0.85737946 1.         0.90105269]
 [0.95129953 0.96881826 0.90105269 1.        ]]
[74, 77, 80, 83]X_encoder1:
[[1.         0.99637845 0.94916944 0.98218475]
 [0.99637845 1.         0.95825536 0.98578461]
 [0.94916944 0.95825536 1.         0.98117487]
 [0.98218475 0.98578461 0.98117487 1.        ]]
[84, 87, 90, 93]X_encoder0:
[[1.         0.898769   0.94603542 0.78391747]
 [0.898769   1.         0.94385015 0.56482037]
 [0.94603542 0.94385015 1.         0.71460676]
 [0.78391747 0.56482037 0.71460676 1.        ]]
[84, 87, 90, 93]X_encoder1:
[[1.         0.97776347 0.98232951 0.95322364]
 [0.97776347 1.         0.99082356 0.9083177 ]
 [0.98232951 0.99082356 1.         0.93173779]
 [0.95322364 0.9083177  0.93173779 1.        ]]
[85, 88, 91, 94]X_encoder0:
[[1.         0.98558277 0.65568621 0.92112323]
 [0.98558277 1.         0.67076464 0.92571863]
 [0.65568621 0.67076464 1.         0.83541793]
 [0.92112323 0.92571863 0.83541793 1.        ]]
[85, 88, 91, 94]X_encoder1:
[[1.         0.99028654 0.8897343  0.96737514]
 [0.99028654 1.         0.91689898 0.97502691]
 [0.8897343  0.91689898 1.         0.9587941 ]
 [0.96737514 0.97502691 0.9587941  1.        ]]
[86, 89, 92, 95]X_encoder0:
[[1.         0.9791739  0.80300248 0.94726975]
 [0.9791739  1.         0.85457866 0.96648652]
 [0.80300248 0.85457866 1.         0.90593619]
 [0.94726975 0.96648652 0.90593619 1.        ]]
[86, 89, 92, 95]X_encoder1:
[[1.         0.99464573 0.9418033  0.98005299]
 [0.99464573 1.         0.9570769  0.98544492]
 [0.9418033  0.9570769  1.         0.97895253]
 [0.98005299 0.98544492 0.97895253 1.        ]]
[96, 99, 102, 105]X_encoder0:
[[1.         0.23342878 0.40193638 0.45712436]
 [0.23342878 1.         0.9756382  0.75345064]
 [0.40193638 0.9756382  1.         0.78745338]
 [0.45712436 0.75345064 0.78745338 1.        ]]
[96, 99, 102, 105]X_encoder1:
[[ 1.         -0.10524196  0.59482918  0.69354137]
 [-0.10524196  1.          0.70660256  0.40667193]
 [ 0.59482918  0.70660256  1.          0.77923295]
 [ 0.69354137  0.40667193  0.77923295  1.        ]]
[97, 100, 103, 106]X_encoder0:
[[1.         0.99318695 0.83421377 0.97191244]
 [0.99318695 1.         0.8340609  0.9765942 ]
 [0.83421377 0.8340609  1.         0.89134911]
 [0.97191244 0.9765942  0.89134911 1.        ]]
[97, 100, 103, 106]X_encoder1:
[[1.         0.93125658 0.49531868 0.83694548]
 [0.93125658 1.         0.59613578 0.8902873 ]
 [0.49531868 0.59613578 1.         0.81373592]
 [0.83694548 0.8902873  0.81373592 1.        ]]
[98, 101, 104, 107]X_encoder0:
[[1.         0.96361094 0.6053957  0.93153492]
 [0.96361094 1.         0.70775849 0.95347823]
 [0.6053957  0.70775849 1.         0.78113413]
 [0.93153492 0.95347823 0.78113413 1.        ]]
[98, 101, 104, 107]X_encoder1:
[[1.         0.98470388 0.8590539  0.95745227]
 [0.98470388 1.         0.89500477 0.96402204]
 [0.8590539  0.89500477 1.         0.94301083]
 [0.95745227 0.96402204 0.94301083 1.        ]]
[108, 111, 114, 117]X_encoder0:
[[1.         0.9666448  0.97480892 0.83617359]
 [0.9666448  1.         0.97898849 0.76130262]
 [0.97480892 0.97898849 1.         0.80364425]
 [0.83617359 0.76130262 0.80364425 1.        ]]
[108, 111, 114, 117]X_encoder1:
[[1.         0.74236715 0.93339226 0.86470475]
 [0.74236715 1.         0.80082478 0.45812829]
 [0.93339226 0.80082478 1.         0.81165618]
 [0.86470475 0.45812829 0.81165618 1.        ]]
[109, 112, 115, 118]X_encoder0:
[[1.         0.99576499 0.78499202 0.96448869]
 [0.99576499 1.         0.80332564 0.96827316]
 [0.78499202 0.80332564 1.         0.86607945]
 [0.96448869 0.96827316 0.86607945 1.        ]]
[109, 112, 115, 118]X_encoder1:
[[1.         0.97835752 0.63203772 0.88295955]
 [0.97835752 1.         0.67411326 0.87619081]
 [0.63203772 0.67411326 1.         0.85946434]
 [0.88295955 0.87619081 0.85946434 1.        ]]
[110, 113, 116, 119]X_encoder0:
[[1.         0.96737025 0.59582787 0.90747449]
 [0.96737025 1.         0.70968542 0.94850908]
 [0.59582787 0.70968542 1.         0.80857427]
 [0.90747449 0.94850908 0.80857427 1.        ]]
[110, 113, 116, 119]X_encoder1:
[[1.         0.980845   0.8594008  0.95457719]
 [0.980845   1.         0.9057291  0.96594622]
 [0.8594008  0.9057291  1.         0.94886359]
 [0.95457719 0.96594622 0.94886359 1.        ]]
[120, 123, 126, 129]X_encoder0:
[[1.         0.8960096  0.78866772 0.67143188]
 [0.8960096  1.         0.91816493 0.58084458]
 [0.78866772 0.91816493 1.         0.66539247]
 [0.67143188 0.58084458 0.66539247 1.        ]]
[120, 123, 126, 129]X_encoder1:
[[1.         0.62281707 0.32648363 0.57015689]
 [0.62281707 1.         0.83010867 0.69969647]
 [0.32648363 0.83010867 1.         0.82411364]
 [0.57015689 0.69969647 0.82411364 1.        ]]
[121, 124, 127, 130]X_encoder0:
[[1.         0.9774621  0.7870608  0.97054108]
 [0.9774621  1.         0.7971608  0.97464813]
 [0.7870608  0.7971608  1.         0.85824752]
 [0.97054108 0.97464813 0.85824752 1.        ]]
[121, 124, 127, 130]X_encoder1:
[[1.         0.69532018 0.3328295  0.72569251]
 [0.69532018 1.         0.53998372 0.82723101]
 [0.3328295  0.53998372 1.         0.78877292]
 [0.72569251 0.82723101 0.78877292 1.        ]]
[122, 125, 128, 131]X_encoder0:
[[1.         0.9356432  0.49904446 0.93347294]
 [0.9356432  1.         0.63031806 0.93432297]
 [0.49904446 0.63031806 1.         0.68525879]
 [0.93347294 0.93432297 0.68525879 1.        ]]
[122, 125, 128, 131]X_encoder1:
[[1.         0.98724536 0.8408714  0.94791954]
 [0.98724536 1.         0.86551212 0.94938492]
 [0.8408714  0.86551212 1.         0.93117486]
 [0.94791954 0.94938492 0.93117486 1.        ]]
[132, 135, 138, 141]X_encoder0:
[[1.         0.92230145 0.96764344 0.75398149]
 [0.92230145 1.         0.96382432 0.6932395 ]
 [0.96764344 0.96382432 1.         0.73807286]
 [0.75398149 0.6932395  0.73807286 1.        ]]
[132, 135, 138, 141]X_encoder1:
[[1.         0.3221301  0.89660399 0.83615201]
 [0.3221301  1.         0.54313662 0.36746795]
 [0.89660399 0.54313662 1.         0.82571749]
 [0.83615201 0.36746795 0.82571749 1.        ]]
[133, 136, 139, 142]X_encoder0:
[[1.         0.98899822 0.82718464 0.9731359 ]
 [0.98899822 1.         0.81033254 0.96721314]
 [0.82718464 0.81033254 1.         0.8721259 ]
 [0.9731359  0.96721314 0.8721259  1.        ]]
[133, 136, 139, 142]X_encoder1:
[[1.         0.90151094 0.37275797 0.78728407]
 [0.90151094 1.         0.43763534 0.80554208]
 [0.37275797 0.43763534 1.         0.77089867]
 [0.78728407 0.80554208 0.77089867 1.        ]]
[134, 137, 140, 143]X_encoder0:
[[1.         0.95732774 0.54811584 0.93986763]
 [0.95732774 1.         0.64017897 0.93690407]
 [0.54811584 0.64017897 1.         0.71782462]
 [0.93986763 0.93690407 0.71782462 1.        ]]
[134, 137, 140, 143]X_encoder1:
[[1.         0.97116808 0.8139857  0.94039862]
 [0.97116808 1.         0.84900608 0.92911918]
 [0.8139857  0.84900608 1.         0.92139523]
 [0.94039862 0.92911918 0.92139523 1.        ]]
[144, 147, 150, 153]X_encoder0:
[[ 1.          0.42561448  0.15678656 -0.03499302]
 [ 0.42561448  1.          0.93451215  0.69008289]
 [ 0.15678656  0.93451215  1.          0.83298889]
 [-0.03499302  0.69008289  0.83298889  1.        ]]
[144, 147, 150, 153]X_encoder1:
[[1.         0.24851729 0.21563908 0.4027576 ]
 [0.24851729 1.         0.99250621 0.93077678]
 [0.21563908 0.99250621 1.         0.94016296]
 [0.4027576  0.93077678 0.94016296 1.        ]]
[145, 148, 151, 154]X_encoder0:
[[1.         0.98344654 0.66533786 0.95245329]
 [0.98344654 1.         0.71340399 0.95614504]
 [0.66533786 0.71340399 1.         0.78653404]
 [0.95245329 0.95614504 0.78653404 1.        ]]
[145, 148, 151, 154]X_encoder1:
[[1.         0.99436826 0.87983978 0.97058503]
 [0.99436826 1.         0.89262201 0.97044856]
 [0.87983978 0.89262201 1.         0.94168129]
 [0.97058503 0.97044856 0.94168129 1.        ]]
[146, 149, 152, 155]X_encoder0:
[[1.         0.95825191 0.67463079 0.93296138]
 [0.95825191 1.         0.79656344 0.94736245]
 [0.67463079 0.79656344 1.         0.80070948]
 [0.93296138 0.94736245 0.80070948 1.        ]]
[146, 149, 152, 155]X_encoder1:
[[1.         0.99532106 0.92387634 0.98103782]
 [0.99532106 1.         0.93257441 0.98169193]
 [0.92387634 0.93257441 1.         0.96673795]
 [0.98103782 0.98169193 0.96673795 1.        ]]
[156, 159, 162, 165]X_encoder0:
[[1.         0.9183925  0.96030465 0.81764028]
 [0.9183925  1.         0.9318988  0.6671608 ]
 [0.96030465 0.9318988  1.         0.81477883]
 [0.81764028 0.6671608  0.81477883 1.        ]]
[156, 159, 162, 165]X_encoder1:
[[1.         0.98031043 0.98733249 0.94653086]
 [0.98031043 1.         0.98740873 0.919728  ]
 [0.98733249 0.98740873 1.         0.93892591]
 [0.94653086 0.919728   0.93892591 1.        ]]
[157, 160, 163, 166]X_encoder0:
[[1.         0.98349256 0.68167836 0.94175483]
 [0.98349256 1.         0.68708052 0.93099354]
 [0.68167836 0.68708052 1.         0.80719641]
 [0.94175483 0.93099354 0.80719641 1.        ]]
[157, 160, 163, 166]X_encoder1:
[[1.         0.99049457 0.88106569 0.97014982]
 [0.99049457 1.         0.90024536 0.96844229]
 [0.88106569 0.90024536 1.         0.94271276]
 [0.97014982 0.96844229 0.94271276 1.        ]]
[158, 161, 164, 167]X_encoder0:
[[1.         0.95265885 0.61367694 0.91239463]
 [0.95265885 1.         0.7489743  0.93699546]
 [0.61367694 0.7489743  1.         0.79225454]
 [0.91239463 0.93699546 0.79225454 1.        ]]
[158, 161, 164, 167]X_encoder1:
[[1.         0.99257072 0.91104626 0.97160669]
 [0.99257072 1.         0.93102698 0.97644893]
 [0.91104626 0.93102698 1.         0.96563042]
 [0.97160669 0.97644893 0.96563042 1.        ]]
[168, 171, 174, 177]X_encoder0:
[[1.         0.67939243 0.67946512 0.6384331 ]
 [0.67939243 1.         0.86562327 0.46395055]
 [0.67946512 0.86562327 1.         0.74353145]
 [0.6384331  0.46395055 0.74353145 1.        ]]
[168, 171, 174, 177]X_encoder1:
[[1.         0.82574125 0.82835569 0.88554849]
 [0.82574125 1.         0.99096609 0.90053402]
 [0.82835569 0.99096609 1.         0.92332279]
 [0.88554849 0.90053402 0.92332279 1.        ]]
[169, 172, 175, 178]X_encoder0:
[[1.         0.97989591 0.53450067 0.92543561]
 [0.97989591 1.         0.59924245 0.94056632]
 [0.53450067 0.59924245 1.         0.72810105]
 [0.92543561 0.94056632 0.72810105 1.        ]]
[169, 172, 175, 178]X_encoder1:
[[1.         0.99622625 0.86948627 0.9661994 ]
 [0.99622625 1.         0.87614014 0.96827015]
 [0.86948627 0.87614014 1.         0.94022001]
 [0.9661994  0.96827015 0.94022001 1.        ]]
[170, 173, 176, 179]X_encoder0:
[[1.         0.89851354 0.49136383 0.8773124 ]
 [0.89851354 1.         0.74291203 0.9545056 ]
 [0.49136383 0.74291203 1.         0.77459751]
 [0.8773124  0.9545056  0.77459751 1.        ]]
[170, 173, 176, 179]X_encoder1:
[[1.         0.99029834 0.9058748  0.9696234 ]
 [0.99029834 1.         0.92819715 0.97803664]
 [0.9058748  0.92819715 1.         0.96568878]
 [0.9696234  0.97803664 0.96568878 1.        ]]
[180, 183, 186, 189]X_encoder0:
[[1.         0.83369923 0.95357587 0.73328418]
 [0.83369923 1.         0.87464568 0.41141193]
 [0.95357587 0.87464568 1.         0.68290693]
 [0.73328418 0.41141193 0.68290693 1.        ]]
[180, 183, 186, 189]X_encoder1:
[[1.         0.98310179 0.98956447 0.93400972]
 [0.98310179 1.         0.9829179  0.89240627]
 [0.98956447 0.9829179  1.         0.92688128]
 [0.93400972 0.89240627 0.92688128 1.        ]]
[181, 184, 187, 190]X_encoder0:
[[1.         0.97470259 0.49897487 0.91219756]
 [0.97470259 1.         0.55199225 0.92186147]
 [0.49897487 0.55199225 1.         0.72130974]
 [0.91219756 0.92186147 0.72130974 1.        ]]
[181, 184, 187, 190]X_encoder1:
[[1.         0.99319021 0.87193221 0.964751  ]
 [0.99319021 1.         0.88944027 0.96707647]
 [0.87193221 0.88944027 1.         0.94350342]
 [0.964751   0.96707647 0.94350342 1.        ]]
[182, 185, 188, 191]X_encoder0:
[[1.         0.91361685 0.48479021 0.86152918]
 [0.91361685 1.         0.7037449  0.93565329]
 [0.48479021 0.7037449  1.         0.78787946]
 [0.86152918 0.93565329 0.78787946 1.        ]]
[182, 185, 188, 191]X_encoder1:
[[1.         0.98894763 0.90503521 0.96503524]
 [0.98894763 1.         0.92985005 0.97398118]
 [0.90503521 0.92985005 1.         0.96739103]
 [0.96503524 0.97398118 0.96739103 1.        ]]
[192, 195, 198, 201]X_encoder0:
[[1.         0.7109967  0.78656207 0.64495527]
 [0.7109967  1.         0.87345291 0.5373273 ]
 [0.78656207 0.87345291 1.         0.74079227]
 [0.64495527 0.5373273  0.74079227 1.        ]]
[192, 195, 198, 201]X_encoder1:
[[1.         0.87912698 0.91540483 0.91341779]
 [0.87912698 1.         0.97681017 0.91076224]
 [0.91540483 0.97681017 1.         0.92408821]
 [0.91341779 0.91076224 0.92408821 1.        ]]
[193, 196, 199, 202]X_encoder0:
[[1.         0.95678059 0.53985927 0.88846512]
 [0.95678059 1.         0.66249909 0.94005144]
 [0.53985927 0.66249909 1.         0.79786207]
 [0.88846512 0.94005144 0.79786207 1.        ]]
[193, 196, 199, 202]X_encoder1:
[[1.         0.98524599 0.85935021 0.95540437]
 [0.98524599 1.         0.88390599 0.96016651]
 [0.85935021 0.88390599 1.         0.94850562]
 [0.95540437 0.96016651 0.94850562 1.        ]]
[194, 197, 200, 203]X_encoder0:
[[1.         0.95847435 0.67570476 0.91580657]
 [0.95847435 1.         0.79389461 0.94945923]
 [0.67570476 0.79389461 1.         0.85261115]
 [0.91580657 0.94945923 0.85261115 1.        ]]
[194, 197, 200, 203]X_encoder1:
[[1.         0.99528237 0.92270825 0.9750625 ]
 [0.99528237 1.         0.93554223 0.97927456]
 [0.92270825 0.93554223 1.         0.97027052]
 [0.9750625  0.97927456 0.97027052 1.        ]]
[204, 207, 210, 213]X_encoder0:
[[1.         0.85871316 0.95001028 0.78446118]
 [0.85871316 1.         0.88809209 0.54359488]
 [0.95001028 0.88809209 1.         0.73727302]
 [0.78446118 0.54359488 0.73727302 1.        ]]
[204, 207, 210, 213]X_encoder1:
[[1.         0.94855401 0.98293235 0.94640267]
 [0.94855401 1.         0.95204319 0.89622012]
 [0.98293235 0.95204319 1.         0.93432399]
 [0.94640267 0.89622012 0.93432399 1.        ]]
[205, 208, 211, 214]X_encoder0:
[[1.         0.9660966  0.55700387 0.88452743]
 [0.9660966  1.         0.65624022 0.93141109]
 [0.55700387 0.65624022 1.         0.81082789]
 [0.88452743 0.93141109 0.81082789 1.        ]]
[205, 208, 211, 214]X_encoder1:
[[1.         0.98327126 0.86649075 0.95774295]
 [0.98327126 1.         0.895852   0.96323799]
 [0.86649075 0.895852   1.         0.94931265]
 [0.95774295 0.96323799 0.94931265 1.        ]]
[206, 209, 212, 215]X_encoder0:
[[1.         0.95353528 0.66310534 0.90815683]
 [0.95353528 1.         0.79282563 0.95266522]
 [0.66310534 0.79282563 1.         0.86008666]
 [0.90815683 0.95266522 0.86008666 1.        ]]
[206, 209, 212, 215]X_encoder1:
[[1.         0.99281928 0.92404733 0.97513193]
 [0.99281928 1.         0.93992097 0.97856333]
 [0.92404733 0.93992097 1.         0.97104339]
 [0.97513193 0.97856333 0.97104339 1.        ]]
[216, 219, 222, 225]X_encoder0:
[[1.         0.55242473 0.66668045 0.72989397]
 [0.55242473 1.         0.97740445 0.77658705]
 [0.66668045 0.97740445 1.         0.81425409]
 [0.72989397 0.77658705 0.81425409 1.        ]]
[216, 219, 222, 225]X_encoder1:
[[1.         0.22229706 0.72965879 0.8298729 ]
 [0.22229706 1.         0.79250912 0.53258576]
 [0.72965879 0.79250912 1.         0.84330851]
 [0.8298729  0.53258576 0.84330851 1.        ]]
[217, 220, 223, 226]X_encoder0:
[[1.         0.98873037 0.83293826 0.96751397]
 [0.98873037 1.         0.85172082 0.98163968]
 [0.83293826 0.85172082 1.         0.9013244 ]
 [0.96751397 0.98163968 0.9013244  1.        ]]
[217, 220, 223, 226]X_encoder1:
[[1.         0.86631164 0.34021909 0.75656594]
 [0.86631164 1.         0.63162754 0.93269168]
 [0.34021909 0.63162754 1.         0.7964146 ]
 [0.75656594 0.93269168 0.7964146  1.        ]]
[218, 221, 224, 227]X_encoder0:
[[1.         0.95649947 0.60300423 0.9352836 ]
 [0.95649947 1.         0.70750997 0.95696256]
 [0.60300423 0.70750997 1.         0.78086108]
 [0.9352836  0.95696256 0.78086108 1.        ]]
[218, 221, 224, 227]X_encoder1:
[[1.         0.95199196 0.78548922 0.93452132]
 [0.95199196 1.         0.86103704 0.93890144]
 [0.78548922 0.86103704 1.         0.92032672]
 [0.93452132 0.93890144 0.92032672 1.        ]]
[228, 231, 234, 237]X_encoder0:
[[1.         0.97062117 0.98038059 0.85037755]
 [0.97062117 1.         0.97922897 0.78212536]
 [0.98038059 0.97922897 1.         0.82959764]
 [0.85037755 0.78212536 0.82959764 1.        ]]
[228, 231, 234, 237]X_encoder1:
[[1.         0.79425063 0.95821763 0.8959914 ]
 [0.79425063 1.         0.85388115 0.58327736]
 [0.95821763 0.85388115 1.         0.86644075]
 [0.8959914  0.58327736 0.86644075 1.        ]]
[229, 232, 235, 238]X_encoder0:
[[1.         0.9890515  0.82362533 0.96632516]
 [0.9890515  1.         0.84463785 0.97874051]
 [0.82362533 0.84463785 1.         0.89346206]
 [0.96632516 0.97874051 0.89346206 1.        ]]
[229, 232, 235, 238]X_encoder1:
[[1.         0.92882996 0.48043404 0.78040165]
 [0.92882996 1.         0.68635742 0.9044246 ]
 [0.48043404 0.68635742 1.         0.85540359]
 [0.78040165 0.9044246  0.85540359 1.        ]]
[230, 233, 236, 239]X_encoder0:
[[1.         0.96173263 0.60332494 0.9206199 ]
 [0.96173263 1.         0.72360174 0.95945674]
 [0.60332494 0.72360174 1.         0.8040963 ]
 [0.9206199  0.95945674 0.8040963  1.        ]]
[230, 233, 236, 239]X_encoder1:
[[1.         0.95781681 0.79822376 0.93798868]
 [0.95781681 1.         0.88535196 0.96191145]
 [0.79822376 0.88535196 1.         0.93128333]
 [0.93798868 0.96191145 0.93128333 1.        ]]
[240, 243, 246, 249]X_encoder0:
[[1.         0.70286034 0.53309731 0.5970893 ]
 [0.70286034 1.         0.92835864 0.67779649]
 [0.53309731 0.92835864 1.         0.72619535]
 [0.5970893  0.67779649 0.72619535 1.        ]]
[240, 243, 246, 249]X_encoder1:
[[ 1.         -0.20798616 -0.19473844  0.27309835]
 [-0.20798616  1.          0.9456294   0.65659539]
 [-0.19473844  0.9456294   1.          0.78078221]
 [ 0.27309835  0.65659539  0.78078221  1.        ]]
[241, 244, 247, 250]X_encoder0:
[[1.         0.97831339 0.85662411 0.97160923]
 [0.97831339 1.         0.87268497 0.98597126]
 [0.85662411 0.87268497 1.         0.9052465 ]
 [0.97160923 0.98597126 0.9052465  1.        ]]
[241, 244, 247, 250]X_encoder1:
[[1.         0.89986442 0.44519036 0.64173483]
 [0.89986442 1.         0.51051795 0.87216589]
 [0.44519036 0.51051795 1.         0.65498166]
 [0.64173483 0.87216589 0.65498166 1.        ]]
[242, 245, 248, 251]X_encoder0:
[[1.         0.96942874 0.65533222 0.94032139]
 [0.96942874 1.         0.73767318 0.9576768 ]
 [0.65533222 0.73767318 1.         0.74271617]
 [0.94032139 0.9576768  0.74271617 1.        ]]
[242, 245, 248, 251]X_encoder1:
[[1.         0.99174033 0.82747525 0.93950906]
 [0.99174033 1.         0.86776221 0.96294008]
 [0.82747525 0.86776221 1.         0.90616167]
 [0.93950906 0.96294008 0.90616167 1.        ]]
[252, 255, 258, 261]X_encoder0:
[[1.         0.84407129 0.92886694 0.76509512]
 [0.84407129 1.         0.94815197 0.82142274]
 [0.92886694 0.94815197 1.         0.81184723]
 [0.76509512 0.82142274 0.81184723 1.        ]]
[252, 255, 258, 261]X_encoder1:
[[ 1.         -0.51487527  0.69730935  0.50533976]
 [-0.51487527  1.         -0.12193547 -0.19795121]
 [ 0.69730935 -0.12193547  1.          0.4697324 ]
 [ 0.50533976 -0.19795121  0.4697324   1.        ]]
[253, 256, 259, 262]X_encoder0:
[[1.         0.92027645 0.82139968 0.96047283]
 [0.92027645 1.         0.87604883 0.95533944]
 [0.82139968 0.87604883 1.         0.90150747]
 [0.96047283 0.95533944 0.90150747 1.        ]]
[253, 256, 259, 262]X_encoder1:
[[ 1.         -0.07675141  0.23301018  0.40457159]
 [-0.07675141  1.          0.0326433   0.48416575]
 [ 0.23301018  0.0326433   1.          0.61519911]
 [ 0.40457159  0.48416575  0.61519911  1.        ]]
[254, 257, 260, 263]X_encoder0:
[[1.         0.97589286 0.67783769 0.95198651]
 [0.97589286 1.         0.71194342 0.95686082]
 [0.67783769 0.71194342 1.         0.74214733]
 [0.95198651 0.95686082 0.74214733 1.        ]]
[254, 257, 260, 263]X_encoder1:
[[1.         0.98150681 0.74263663 0.90524524]
 [0.98150681 1.         0.78470027 0.92081774]
 [0.74263663 0.78470027 1.         0.86148834]
 [0.90524524 0.92081774 0.86148834 1.        ]]
[264, 267, 270, 273]X_encoder0:
[[1.         0.49861327 0.35320596 0.0592188 ]
 [0.49861327 1.         0.9765428  0.69478829]
 [0.35320596 0.9765428  1.         0.76681221]
 [0.0592188  0.69478829 0.76681221 1.        ]]
[264, 267, 270, 273]X_encoder1:
[[ 1.         -0.30682283 -0.31299799 -0.12653   ]
 [-0.30682283  1.          0.99484176  0.88582622]
 [-0.31299799  0.99484176  1.          0.90316258]
 [-0.12653     0.88582622  0.90316258  1.        ]]
[265, 268, 271, 274]X_encoder0:
[[1.         0.96861472 0.73192769 0.94222828]
 [0.96861472 1.         0.71456059 0.96795083]
 [0.73192769 0.71456059 1.         0.78242052]
 [0.94222828 0.96795083 0.78242052 1.        ]]
[265, 268, 271, 274]X_encoder1:
[[1.         0.98645054 0.84324104 0.96015766]
 [0.98645054 1.         0.84507229 0.95830141]
 [0.84324104 0.84507229 1.         0.89813496]
 [0.96015766 0.95830141 0.89813496 1.        ]]
[266, 269, 272, 275]X_encoder0:
[[1.         0.98753951 0.74729402 0.96121686]
 [0.98753951 1.         0.74822394 0.96509693]
 [0.74729402 0.74822394 1.         0.71103572]
 [0.96121686 0.96509693 0.71103572 1.        ]]
[266, 269, 272, 275]X_encoder1:
[[1.         0.99604795 0.90244684 0.98909573]
 [0.99604795 1.         0.90741251 0.98350989]
 [0.90244684 0.90741251 1.         0.91802253]
 [0.98909573 0.98350989 0.91802253 1.        ]]
[276, 279, 282, 285]X_encoder0:
[[1.         0.96133808 0.94769769 0.72983528]
 [0.96133808 1.         0.97571978 0.67387763]
 [0.94769769 0.97571978 1.         0.72858297]
 [0.72983528 0.67387763 0.72858297 1.        ]]
[276, 279, 282, 285]X_encoder1:
[[1.         0.98277934 0.96191234 0.87057756]
 [0.98277934 1.         0.97761309 0.84239012]
 [0.96191234 0.97761309 1.         0.86143065]
 [0.87057756 0.84239012 0.86143065 1.        ]]
[277, 280, 283, 286]X_encoder0:
[[1.         0.92752818 0.73239177 0.94673579]
 [0.92752818 1.         0.675122   0.93581998]
 [0.73239177 0.675122   1.         0.76271789]
 [0.94673579 0.93581998 0.76271789 1.        ]]
[277, 280, 283, 286]X_encoder1:
[[1.         0.9771763  0.83381954 0.96614187]
 [0.9771763  1.         0.84602615 0.95108522]
 [0.83381954 0.84602615 1.         0.89333438]
 [0.96614187 0.95108522 0.89333438 1.        ]]
[278, 281, 284, 287]X_encoder0:
[[1.         0.95688679 0.7319664  0.95992699]
 [0.95688679 1.         0.67160474 0.95767761]
 [0.7319664  0.67160474 1.         0.69626041]
 [0.95992699 0.95767761 0.69626041 1.        ]]
[278, 281, 284, 287]X_encoder1:
[[1.         0.98672627 0.88669559 0.9873695 ]
 [0.98672627 1.         0.87909168 0.96190551]
 [0.88669559 0.87909168 1.         0.90683791]
 [0.9873695  0.96190551 0.90683791 1.        ]]
[288, 291, 294, 297]X_encoder0:
[[1.         0.8395254  0.80084686 0.55797956]
 [0.8395254  1.         0.98130012 0.66291827]
 [0.80084686 0.98130012 1.         0.71552425]
 [0.55797956 0.66291827 0.71552425 1.        ]]
[288, 291, 294, 297]X_encoder1:
[[1.         0.85172579 0.85071964 0.83166688]
 [0.85172579 1.         0.99514409 0.88789985]
 [0.85071964 0.99514409 1.         0.89719227]
 [0.83166688 0.88789985 0.89719227 1.        ]]
[289, 292, 295, 298]X_encoder0:
[[1.         0.99220679 0.69943914 0.96257837]
 [0.99220679 1.         0.69194487 0.96652892]
 [0.69943914 0.69194487 1.         0.76645182]
 [0.96257837 0.96652892 0.76645182 1.        ]]
[289, 292, 295, 298]X_encoder1:
[[1.         0.99689421 0.89538269 0.97830958]
 [0.99689421 1.         0.88627817 0.97671577]
 [0.89538269 0.88627817 1.         0.92876164]
 [0.97830958 0.97671577 0.92876164 1.        ]]
[290, 293, 296, 299]X_encoder0:
[[1.         0.95942194 0.65038374 0.95022263]
 [0.95942194 1.         0.75513887 0.96806275]
 [0.65038374 0.75513887 1.         0.74242489]
 [0.95022263 0.96806275 0.74242489 1.        ]]
[290, 293, 296, 299]X_encoder1:
[[1.         0.99400009 0.91690397 0.98438973]
 [0.99400009 1.         0.9241825  0.98799861]
 [0.91690397 0.9241825  1.         0.94768609]
 [0.98438973 0.98799861 0.94768609 1.        ]]
[300, 303, 306, 309]X_encoder0:
[[1.         0.98560927 0.97096297 0.65512207]
 [0.98560927 1.         0.97784028 0.61748911]
 [0.97096297 0.97784028 1.         0.63943282]
 [0.65512207 0.61748911 0.63943282 1.        ]]
[300, 303, 306, 309]X_encoder1:
[[1.         0.99539428 0.98484687 0.88036123]
 [0.99539428 1.         0.98837194 0.86986421]
 [0.98484687 0.98837194 1.         0.88344356]
 [0.88036123 0.86986421 0.88344356 1.        ]]
[301, 304, 307, 310]X_encoder0:
[[1.         0.98633151 0.70887254 0.97195153]
 [0.98633151 1.         0.65581562 0.95895376]
 [0.70887254 0.65581562 1.         0.72782559]
 [0.97195153 0.95895376 0.72782559 1.        ]]
[301, 304, 307, 310]X_encoder1:
[[1.         0.99695148 0.89409831 0.98220871]
 [0.99695148 1.         0.89624993 0.97967659]
 [0.89409831 0.89624993 1.         0.9333514 ]
 [0.98220871 0.97967659 0.9333514  1.        ]]
[302, 305, 308, 311]X_encoder0:
[[1.         0.97274307 0.68201667 0.95827222]
 [0.97274307 1.         0.68367924 0.96419746]
 [0.68201667 0.68367924 1.         0.72829677]
 [0.95827222 0.96419746 0.72829677 1.        ]]
[302, 305, 308, 311]X_encoder1:
[[1.         0.99242466 0.91661054 0.98459681]
 [0.99242466 1.         0.92528705 0.98443485]
 [0.91661054 0.92528705 1.         0.95141573]
 [0.98459681 0.98443485 0.95141573 1.        ]]
[312, 315, 318, 321]X_encoder0:
[[1.         0.81881894 0.86105007 0.53690261]
 [0.81881894 1.         0.92760855 0.57780036]
 [0.86105007 0.92760855 1.         0.7203402 ]
 [0.53690261 0.57780036 0.7203402  1.        ]]
[312, 315, 318, 321]X_encoder1:
[[1.         0.82233058 0.90584578 0.81117003]
 [0.82233058 1.         0.97242628 0.83880117]
 [0.90584578 0.97242628 1.         0.8845203 ]
 [0.81117003 0.83880117 0.8845203  1.        ]]
[313, 316, 319, 322]X_encoder0:
[[1.         0.98618139 0.69210614 0.94970514]
 [0.98618139 1.         0.75959525 0.97738867]
 [0.69210614 0.75959525 1.         0.82739142]
 [0.94970514 0.97738867 0.82739142 1.        ]]
[313, 316, 319, 322]X_encoder1:
[[1.         0.9879296  0.8013133  0.94640841]
 [0.9879296  1.         0.83308623 0.9656373 ]
 [0.8013133  0.83308623 1.         0.90039173]
 [0.94640841 0.9656373  0.90039173 1.        ]]
[314, 317, 320, 323]X_encoder0:
[[1.         0.97877052 0.72286788 0.94063734]
 [0.97877052 1.         0.78992225 0.96790555]
 [0.72286788 0.78992225 1.         0.8143082 ]
 [0.94063734 0.96790555 0.8143082  1.        ]]
[314, 317, 320, 323]X_encoder1:
[[1.         0.99415341 0.90607095 0.96754734]
 [0.99415341 1.         0.92880836 0.98096153]
 [0.90607095 0.92880836 1.         0.9613201 ]
 [0.96754734 0.98096153 0.9613201  1.        ]]
[324, 327, 330, 333]X_encoder0:
[[1.         0.87427441 0.95134255 0.76343964]
 [0.87427441 1.         0.94220637 0.58663405]
 [0.95134255 0.94220637 1.         0.70552925]
 [0.76343964 0.58663405 0.70552925 1.        ]]
[324, 327, 330, 333]X_encoder1:
[[1.         0.90975354 0.95999376 0.88522998]
 [0.90975354 1.         0.9356867  0.76755031]
 [0.95999376 0.9356867  1.         0.85754161]
 [0.88522998 0.76755031 0.85754161 1.        ]]
[325, 328, 331, 334]X_encoder0:
[[1.         0.98659267 0.67887297 0.93914749]
 [0.98659267 1.         0.739202   0.96350333]
 [0.67887297 0.739202   1.         0.82979033]
 [0.93914749 0.96350333 0.82979033 1.        ]]
[325, 328, 331, 334]X_encoder1:
[[1.         0.97575903 0.75413017 0.92713795]
 [0.97575903 1.         0.82638454 0.95999642]
 [0.75413017 0.82638454 1.         0.89893128]
 [0.92713795 0.95999642 0.89893128 1.        ]]
[326, 329, 332, 335]X_encoder0:
[[1.         0.97111372 0.67269511 0.92859499]
 [0.97111372 1.         0.76583837 0.96786509]
 [0.67269511 0.76583837 1.         0.80972187]
 [0.92859499 0.96786509 0.80972187 1.        ]]
[326, 329, 332, 335]X_encoder1:
[[1.         0.99016504 0.89091605 0.96470332]
 [0.99016504 1.         0.91805796 0.97887455]
 [0.89091605 0.91805796 1.         0.9553701 ]
 [0.96470332 0.97887455 0.9553701  1.        ]]
[336, 339, 342, 345]X_encoder0:
[[1.         0.77995581 0.7607348  0.73839246]
 [0.77995581 1.         0.99643057 0.90767173]
 [0.7607348  0.99643057 1.         0.9015726 ]
 [0.73839246 0.90767173 0.9015726  1.        ]]
[336, 339, 342, 345]X_encoder1:
[[ 1.         -0.00246792  0.04386448  0.50125002]
 [-0.00246792  1.          0.9884007   0.63420171]
 [ 0.04386448  0.9884007   1.          0.66439791]
 [ 0.50125002  0.63420171  0.66439791  1.        ]]
[337, 340, 343, 346]X_encoder0:
[[1.         0.99621949 0.91428512 0.98489184]
 [0.99621949 1.         0.92961079 0.99534547]
 [0.91428512 0.92961079 1.         0.94229208]
 [0.98489184 0.99534547 0.94229208 1.        ]]
[337, 340, 343, 346]X_encoder1:
[[1.         0.96118522 0.47356922 0.89192123]
 [0.96118522 1.         0.63778532 0.97369793]
 [0.47356922 0.63778532 1.         0.7066759 ]
 [0.89192123 0.97369793 0.7066759  1.        ]]
[338, 341, 344, 347]X_encoder0:
[[1.         0.98334304 0.72365841 0.95702436]
 [0.98334304 1.         0.76591551 0.98207751]
 [0.72365841 0.76591551 1.         0.80423691]
 [0.95702436 0.98207751 0.80423691 1.        ]]
[338, 341, 344, 347]X_encoder1:
[[1.         0.9273133  0.62851101 0.7723636 ]
 [0.9273133  1.         0.75301232 0.90757258]
 [0.62851101 0.75301232 1.         0.81423891]
 [0.7723636  0.90757258 0.81423891 1.        ]]
[348, 351, 354, 357]X_encoder0:
[[1.         0.9879316  0.99046661 0.90847471]
 [0.9879316  1.         0.99364798 0.89250357]
 [0.99046661 0.99364798 1.         0.90605675]
 [0.90847471 0.89250357 0.90605675 1.        ]]
[348, 351, 354, 357]X_encoder1:
[[1.         0.94835744 0.95027738 0.7932304 ]
 [0.94835744 1.         0.97921587 0.68130449]
 [0.95027738 0.97921587 1.         0.76148358]
 [0.7932304  0.68130449 0.76148358 1.        ]]
[349, 352, 355, 358]X_encoder0:
[[1.         0.96410967 0.87767266 0.97418142]
 [0.96410967 1.         0.91018954 0.98968502]
 [0.87767266 0.91018954 1.         0.92548645]
 [0.97418142 0.98968502 0.92548645 1.        ]]
[349, 352, 355, 358]X_encoder1:
[[1.         0.83498234 0.29261065 0.76526229]
 [0.83498234 1.         0.65855254 0.95650714]
 [0.29261065 0.65855254 1.         0.68550066]
 [0.76526229 0.95650714 0.68550066 1.        ]]
[350, 353, 356, 359]X_encoder0:
[[1.         0.97531417 0.70070446 0.95096025]
 [0.97531417 1.         0.77949018 0.98003654]
 [0.70070446 0.77949018 1.         0.81464736]
 [0.95096025 0.98003654 0.81464736 1.        ]]
[350, 353, 356, 359]X_encoder1:
[[1.         0.94566784 0.65055685 0.83546394]
 [0.94566784 1.         0.78375302 0.9140499 ]
 [0.65055685 0.78375302 1.         0.84281431]
 [0.83546394 0.9140499  0.84281431 1.        ]]
[360, 363, 366, 369]X_encoder0:
[[ 1.          0.49950126  0.2196909  -0.02967503]
 [ 0.49950126  1.          0.93712234  0.57643908]
 [ 0.2196909   0.93712234  1.          0.72193147]
